$ANSIBLE_VAULT;1.1;AES256
33646232316139303637346335303532663139323061663630366335633361653861316438386431
3932313831373063393332383166323562323031643132650a386634626530383239633832306339
31383166633337393833373630393166386237336431383562373235656562366331306332663366
3663333638303332650a636536373230353266336334633134363663363034653664633165663963
39303539303837343561353737383932346334653661613639656566663233633435656138616534
32366337366365663432366337306234306363643834373536643865326361353035643030663963
39303765323933663430373033373039366235663764663636323465323965666664616637356236
65313934613830666432363165316432353330376634373335343935663738636538366433363966
65623665333637663866343961643436313961353534343065616434303933633737663637656335
64333366313932303365626638353435643139636134303463616536333563633730376264343066
66356233383565373162633234373533373238663732323038303436306331393163613964356165
64643938303262386335373165386366306662356338363631643633323539663661616534353062
61316336373339316233373332326565323964656236393066316666613062636264313763616438
64363465613566663732333233663366643031323336376532383366376135646661306666626264
34666234366337303466663333653933623063376337373234336162376463643637633735656562
34386430313661636138306439353833343432313839626265333462376235333064663331363761
31393330386264393734333563346536353636383438376538323036343966373939613333376130
31303061663331393831326465363037393939653033376461643638616434383865343161643362
35633738626663323235666430613834323932303265616661326130313837326432386561326562
37333265396535363163
