$ANSIBLE_VAULT;1.1;AES256
34626230313633326132633835623736616265343663303037323437306562643235343931373038
6539636435303932316538393766653938633166633364320a373731373265636630633764313439
38353934343265393563633862646162623162656464656632313934323430343461626637653662
3837633065313530370a663466613439626330323537653137626235346138386266326562643631
63396365363532326430303836353433333862626230313336346333343234633338356262376564
37373835303239326533633632343764333937613731383635333963613930333263643534316333
36663863316463383439636630386132373632396363616437323335316361636133343262623030
36356335323633666134636636663236626439303031646536613761663331326639333033336366
38653935346338336234393339633761353737383338383061393734656432323965653864303837
37643965613337323265333061333735643062633238646336353463643234363862656333383533
36663263373132393432643466346235373430393963323235333434663664356532633036363861
33343232633136613935663433636430386164333134393237396663386137666664636466386432
61663931373363636633333834343335613337356566383338303232326364343763636135613631
33343336313132353661323336643032326162303166373635373861643261353032653030633930
38383731366435386163646537383535383765643839343965376433383161393866353762613130
64636136333164313334336430336366356463666139353330343165653861643364323962323735
62363538363036383365646463666565353630366538313266626430353766303036353066623832
39363833336561643337323438656261316666623733373162363239623530353066616333336338
32366562343266333236313336313634306434386363353630376433336235643565646261316631
62363763303230393435346366333930393661333935333037346434373732343361353331626330
3333
