$ANSIBLE_VAULT;1.1;AES256
62366534653564346662393832633863613535356561626665313532383338346665306439653438
6461336265306164643461393037323665663637613431360a303661326337376636666466646666
63306364653639643533366364653064373230303264623064313566653234333066313065373833
3438666365643865310a373466393866386266313536643161366533313336623239323065353965
63373035346265646534313731383965376136643635653130303239613766333130353035323865
35656234353838316362333234303033653366326332653363653333636263646464653133643263
63636565303736636639393235316464363139393434323334663136343832636630383862646265
30633266626565313762373737663831643932333636353061633662613835383437643837343235
66346231393864643663353838306233646332313637383666313639663565633161626130353334
61346633643831633562383563326233633831373464383535306664343066653961366230623739
33363265613032303336366138313563613130643338613838363061353233653139626161393863
38373437376663663533633261636231323262393631303062636339366630663938633865313435
36303236353532356362323238363962366465353936663235376332636133303365386438313432
3236613763623861316162613436326534663163353165623430
