$ANSIBLE_VAULT;1.1;AES256
62633636386530313033393836623936333834623062363464623562656662313234343461663766
6365323631326662646361356336383264326233623365300a373636616235393031386137653330
63353238346163616639656638383933343133376135643433653566333736653662366437616439
6534356566613534610a393236643536396164383961316633663361303134303963343131646361
39643564343530343661313966616630646361623265323439316536326637343832326364656232
32313031396632393031343362643665383935386163636338663263356436376533343834646536
36616134386134666231663561363062353139343162626562326234343763656639303936383733
35653838366538626330336530643930373438356566383061366162343366346338623064363035
62336538376563323839313162333439643433363732333365396134313065653631313630373134
63653633326231643332666263646461313132393566346536316165373338396336633137376262
38393966306136306561353239306339356661643833396438373136653236373261643832636335
62336637356233613235306566376636333435303537623934306362663333336331316561353665
39363662396665393139383961336464653764663338633862303736613530613438636136356137
63373133613065396462343839623530353064623363363232366537646663396535373135633139
37633865623839626233373965306237393637656433663235323733306138346265663938616530
34663631383738363136343836383663363039646161343639333133643964643566643437343539
39303631323031373637316234356661383166353762356133383438613862346535376564386432
66666536623861343763386138646337663632616231613163636135656530386536313231636137
65396638326366643165613739323534386633336131633030626366386330666366363733613234
31326461363034393136623663313366303635346135346430366335383639316566363962353238
30626532393933383862323631386666643565616431323339383030386434633037316561623737
35303637616363333061663265316261336563323963663864623962383761386566613833326662
32353937313133623938376562383431656161383339653238396534653430326466363732653039
38656537303836656234633432303939386263303764363465343335616638313938636532313536
35613134303366373531346333366363366336343330336233396336633538626661646135393538
63303938663735313262663533616634303965336563623461343834353762663834383434333437
62363766653134363663656363373765336261653839303531656439393164373262643238303466
38653032373336336133346130633133646536313630663232663531323430646632666461633532
37383364373561653031643063383135343430643466366332636235316665333362663365656437
3966356239353664313339666563666561656332663631393538
